LaBreaAnalyses/ndvi.asc
NCOLS 977 
NROWS 443 
XLLCORNER -180 
YLLCORNER 6.16666509 
CELLSIZE 0.16666667 
NODATA_value -9999 
[rows 290 to 318 of 443, columns 455 to 519 of 977]
1244.33333333333 1235.66666666667 1332.66666666667 1463.08333333333 1598 1721.16666666667 1822.33333333333 1889 1990.75 2060.83333333333 1943.41666666667 1835.33333333333 1845.33333333333 1967.83333333333 1953.08333333333 2156.83333333333 2417 2737.08333333333 3074.25 3245.91666666667 3398.83333333333 3533.5 3689.33333333333 3659.5 3383.08333333333 3692.25 4121.33333333333 4270.16666666667 4236.33333333333 4481 4717.41666666667 4921.16666666667 5077.58333333333 5090.75 5088.33333333333 4951.33333333333 4874.41666666667 5200 5298.5 5303.33333333333 5217.16666666667 4962.41666666667 5210.91666666667 5353.91666666667 5227 5729.16666666667 5904.25 5938.33333333333 6028.75 6191.66666666667 6313.66666666667 6389.16666666667 6525.41666666667 6934.41666666667 6898.91666666667 6952.25 6741.83333333333 6710.16666666667 6866.91666666667 7059.75 7082.5 7166.5 6606.41666666667 7054.75 7261.91666666667
1300 1251.58333333333 1249.25 1262 1439.33333333333 1536.25 1649.58333333333 1906.33333333333 1993 2047.66666666667 2003.83333333333 1739.41666666667 1720.91666666667 1819.08333333333 1871.91666666667 2137.33333333333 2558.33333333333 3066.33333333333 3306.41666666667 3300 3299.66666666667 3352.66666666667 3496.16666666667 3484.91666666667 3511.58333333333 4027 4135.25 4251.66666666667 4442.08333333333 4686.33333333333 4779.66666666667 4817.83333333333 5083.66666666667 5078.25 4884.5 4847.58333333333 4989.16666666667 5050.25 5123.25 5245.91666666667 4892.5 4999.16666666667 4979.16666666667 5331.66666666667 5506.5 5897.83333333333 5927.41666666667 5722.58333333333 6031.66666666667 6448.75 6443.25 6275.66666666667 6501.5 7094.83333333333 7226.41666666667 7009.16666666667 6774.58333333333 6944.16666666667 6910.25 7064.66666666667 7115.83333333333 7162.41666666667 6926.58333333333 6942.58333333333 7194.08333333333
1430.33333333333 1289.16666666667 1243.83333333333 1291.5 1332.66666666667 1417.66666666667 1513.16666666667 1576.66666666667 1643.58333333333 1700.16666666667 1660.66666666667 1588.58333333333 1650 1755.16666666667 1836.83333333333 2075.75 2510 2937.08333333333 3311.91666666667 3467.25 3622.58333333333 3654.66666666667 3832.41666666667 3766.58333333333 3998 4397.5 4506.66666666667 4499.16666666667 4628.33333333333 4744.16666666667 4919.25 5042.16666666667 5244.91666666667 5245.5 4976.75 4691.66666666667 4923.58333333333 4776.83333333333 4652.75 5470.5 5029.41666666667 4975.66666666667 5102.25 5418.83333333333 5841.08333333333 6124.16666666667 6210.25 6240.58333333333 6403.25 6505.83333333333 6433.25 6444.75 6626 7019.91666666667 7162.25 7167.16666666667 6640.66666666667 6877.16666666667 6861.25 7134.33333333333 7200.83333333333 7310 7164.5 6795.83333333333 7056.5
1798.75 1427.5 1483.75 1503.75 1391.33333333333 1339.08333333333 1413.16666666667 1457.83333333333 1536.25 1575.91666666667 1568.75 1626.75 1752.66666666667 1980.5 2108.08333333333 2431.41666666667 2723.66666666667 3113.75 3309.16666666667 3451 3759.66666666667 3875.41666666667 4125.33333333333 4215.66666666667 4488.66666666667 4724.41666666667 4902.25 4893.75 4807.75 4947.41666666667 5113.16666666667 5260.16666666667 5457.25 5633.91666666667 5419.75 4945.33333333333 5020.16666666667 4679.58333333333 4409.83333333333 5275.58333333333 5050.91666666667 4786.58333333333 4875.33333333333 5469.41666666667 5663.91666666667 5969.91666666667 6211.83333333333 6319.75 6342.58333333333 6354.83333333333 6225.83333333333 6348 6661.5 6919.16666666667 7217.16666666667 7299.75 7127.75 7183.66666666667 7138.75 7047.5 6789.66666666667 7003.66666666667 7147.5 7068.75 7023
2646.5 2067.66666666667 1886.16666666667 1651.5 1459.58333333333 1362.58333333333 1505.33333333333 1610.16666666667 1538.41666666667 1584.58333333333 1642.16666666667 1784 1929.66666666667 2200 2429 2803.83333333333 2992.08333333333 3188.58333333333 3331.5 3604.41666666667 3989.5 3987.58333333333 4106.75 4373.25 4686 4879.33333333333 4976.83333333333 5028.33333333333 5032.08333333333 5064.16666666667 5101.75 5211.83333333333 5426.41666666667 5502.66666666667 5460.75 5331.58333333333 5032.25 5233.25 5308.08333333333 5219.58333333333 5049.08333333333 5133.41666666667 4886.41666666667 5394.16666666667 5678.91666666667 5839.33333333333 6285.25 6351.33333333333 6309.75 6325.83333333333 6398.41666666667 6487.16666666667 6536.33333333333 6721 7070 7103.91666666667 7102.5 7222.25 7036.08333333333 7128.41666666667 7072.91666666667 6882.33333333333 7079.33333333333 7027.33333333333 7039.25
3229.75 2968.91666666667 2339.83333333333 1964 1602.83333333333 1489.33333333333 1616.5 1811.41666666667 1689.83333333333 1838.75 1973.08333333333 2103.66666666667 2199.66666666667 2357.58333333333 2541.91666666667 2869.66666666667 3163.41666666667 3244.41666666667 3476.41666666667 3893.58333333333 3988.41666666667 3989.91666666667 4266.08333333333 4322 4583.75 4746.41666666667 4871.16666666667 4982.08333333333 4986.83333333333 5091.83333333333 5102.25 5112 5301.91666666667 5441.75 5313.83333333333 5420.33333333333 5166.16666666667 5231.58333333333 5308.83333333333 4870.75 4595.83333333333 5191.58333333333 5530.25 5818 5765.58333333333 5635.16666666667 5852.25 6082.5 6290.25 6430.91666666667 6682.83333333333 6700.91666666667 6739.91666666667 6752.83333333333 6543 6966.41666666667 7190.33333333333 7256.75 7017.75 7137.66666666667 7152.75 7114.33333333333 7047.41666666667 6852.66666666667 6900.41666666667
2688.08333333333 2436.08333333333 2435.25 1989.33333333333 1691.33333333333 1756 1925 2038.91666666667 1976.83333333333 2010.83333333333 2175.25 2279.25 2337.08333333333 2459.91666666667 2713.83333333333 3024.58333333333 3226 3404.5 3658.33333333333 3795.83333333333 3768.91666666667 3904 4194.41666666667 4155.16666666667 4299 4538.91666666667 4790.5 4981.16666666667 4952.41666666667 5077.66666666667 5251.83333333333 5213 5419.33333333333 5575.25 5409.33333333333 5457.83333333333 5381.41666666667 5338.25 5015.33333333333 4710.66666666667 4527.41666666667 5093.33333333333 5695.16666666667 6001.66666666667 6156.41666666667 5811.25 5439.66666666667 5805.16666666667 6184.58333333333 6379.5 6748.08333333333 6767 6991.83333333333 7211.41666666667 6796.25 6840.08333333333 7282.25 7351.5 7074.41666666667 7240.08333333333 7160.41666666667 7021.91666666667 7128.58333333333 7112.66666666667 7025.75
1822.33333333333 1897.66666666667 2480.58333333333 2184 1993.91666666667 2144.25 2185.66666666667 2214.66666666667 2093.83333333333 2065.91666666667 2207.33333333333 2303 2356.41666666667 2577.58333333333 2849.08333333333 3172.58333333333 3301.75 3371.25 3577.16666666667 3725.33333333333 3671.5 3843.75 4169.16666666667 4126.08333333333 4286.25 4420.83333333333 4697.41666666667 4895.91666666667 4948.75 5078.75 5232.66666666667 5256 5363.25 5475.91666666667 5350.25 5360.41666666667 5184.33333333333 5278.91666666667 4855.08333333333 4879 5028.66666666667 5614.33333333333 5863.25 6084.41666666667 6146.5 5957.58333333333 5819.66666666667 5922.75 6121.33333333333 6407.91666666667 6707.66666666667 6488.41666666667 6617.08333333333 6941.33333333333 7071.75 6949.58333333333 7238 7402.16666666667 7189.33333333333 7029 7085.41666666667 7070.83333333333 7081.41666666667 7129.5 6919
1678.25 1729.41666666667 2191.25 2405.25 2191.41666666667 1967.66666666667 1927.91666666667 2042.66666666667 2083.25 2122.08333333333 2259.58333333333 2304.25 2340.25 2510.66666666667 2764.33333333333 3142 3325.25 3362.33333333333 3551.33333333333 3597.33333333333 3593.66666666667 3982.66666666667 4209.33333333333 3985.08333333333 4117.41666666667 4344.75 4597.41666666667 4838.5 5005.91666666667 5166.58333333333 5180.91666666667 5147.5 5186.41666666667 5191.41666666667 5099 5149.16666666667 5131.75 5393.08333333333 4958.16666666667 5397 5802.91666666667 6031.33333333333 6016.5 6055.58333333333 6145.91666666667 6117 6131.58333333333 6105.41666666667 6211.58333333333 6471.75 6522.33333333333 6264.25 6345.5 6684 6893.91666666667 6932.08333333333 6859 7141.25 7111.58333333333 6769.58333333333 6793.75 6928.16666666667 6763.08333333333 6719.58333333333 6376.83333333333
1701.83333333333 1728.16666666667 1790.25 2109.5 1934.58333333333 1744.41666666667 1807.66666666667 2005.33333333333 2113.91666666667 2159.16666666667 2166.5 2092.66666666667 2140.58333333333 2271.66666666667 2512.58333333333 2901.91666666667 3169.58333333333 3261.58333333333 3738.08333333333 3665 3744.25 3994.08333333333 4035.58333333333 3964.5 4144.5 4455.58333333333 4588.58333333333 4957 5175.66666666667 5152.41666666667 5049.58333333333 5090.58333333333 5123.66666666667 5064 5087.5 5231.41666666667 5454.58333333333 5538 5125.75 5846.66666666667 6169.91666666667 6275.75 6152.25 6058.75 6199.41666666667 6300.66666666667 6277.33333333333 6227.75 6176.91666666667 6190.66666666667 6156.91666666667 5819.66666666667 5760.33333333333 6025.25 6329.91666666667 6400.16666666667 6549.08333333333 6588.08333333333 6317.25 6128.25 5828.25 6007.5 5846.58333333333 5799 5542
1558.66666666667 1664.25 1612.16666666667 1659.08333333333 1666.33333333333 1722.16666666667 1785.33333333333 1894.25 2046.83333333333 2195.16666666667 2162.33333333333 2060.25 2021.16666666667 2212.33333333333 2387.83333333333 2491.91666666667 2885.25 3056.75 3589.33333333333 3718.58333333333 3986.58333333333 4121.5 4260.41666666667 4386.83333333333 4724 4867.83333333333 4942.83333333333 5170 5400.66666666667 5217.91666666667 5005.25 5079.83333333333 5209.16666666667 5325.66666666667 5379.58333333333 5447.75 5782.58333333333 5384.16666666667 5371.33333333333 5959.08333333333 6127.25 6299 6194.66666666667 6069.75 6167.75 6383.75 6376.16666666667 6238.91666666667 6101.16666666667 5918.83333333333 5656.41666666667 5102.08333333333 5019.16666666667 5518.41666666667 5878.58333333333 6023.25 6186.91666666667 6200.08333333333 5850.16666666667 6017 5590.75 5106.91666666667 5309.08333333333 5221.75 4900.66666666667
1527.41666666667 1656.41666666667 1453 1415.08333333333 1583.16666666667 1660.16666666667 1771.91666666667 1950 2145.5 2325.91666666667 2442.25 2414.75 2262.5 2261.33333333333 2375.08333333333 2384.25 2548.16666666667 2740.08333333333 3375.16666666667 3753.33333333333 4103.66666666667 4532.16666666667 4573.83333333333 4724.5 5097.75 5290.41666666667 5449.58333333333 5489.83333333333 5403.41666666667 5155.58333333333 5030.33333333333 5168.25 5338.25 5441.33333333333 5578.58333333333 5604.25 5293 5305.5 5717.91666666667 5931.58333333333 6006 6068.83333333333 6022.83333333333 6123.33333333333 6241.08333333333 6413.33333333333 6176.83333333333 5893 6116.25 6116.75 5555.83333333333 4754.33333333333 4494.33333333333 4605.08333333333 4627.91666666667 5471.75 5611 5955.16666666667 5694.5 5977 5646.75 5145.33333333333 5553.25 5702.83333333333 5429.16666666667
1676.25 1669.25 1403.66666666667 1257.75 1523.25 1669.83333333333 1838.83333333333 2209 2326.58333333333 2389.5 2527.5 2752.91666666667 2535.16666666667 2277.83333333333 2355.08333333333 2509.58333333333 2534.75 2581 3089.66666666667 3406.5 3721.58333333333 4382.41666666667 4685.75 4944.08333333333 5307 5392.16666666667 5525.83333333333 5583.91666666667 5515.08333333333 5574.91666666667 5575 5599.25 5498.5 5009 4928.41666666667 5131.83333333333 5150.75 5445.75 5855.66666666667 5904.08333333333 5939 6006.66666666667 5945.66666666667 6227.75 6324.66666666667 6154 5628.58333333333 5457.16666666667 5712.75 5908.08333333333 5621.83333333333 5507.83333333333 5446.83333333333 5176.33333333333 4862.33333333333 -9999 5091.75 5360.83333333333 5600 5707.5 -9999 -9999 -9999 -9999 -9999
1745.83333333333 1708.25 1648.66666666667 1334 1569 1721.33333333333 1841 2225.91666666667 2134.33333333333 2155.75 2412.75 3081.58333333333 3146.5 2586.75 2459.66666666667 2556.75 2762.75 2896.83333333333 2974 3420.66666666667 3748.91666666667 4222.16666666667 4568.58333333333 4703.58333333333 4960.91666666667 5088.08333333333 5140.75 5220.16666666667 5483 5400.83333333333 5376.41666666667 5465.16666666667 5344.5 4724.5 4848.83333333333 5245.75 5371.75 5389.33333333333 5774.75 5898.83333333333 5895.75 5937.75 5957.16666666667 6197.25 6286.25 5906.25 5436.83333333333 5601.75 5863.66666666667 5893.91666666667 5874.08333333333 6246.5 6110.08333333333 5998.08333333333 5839.58333333333 4281.5 -9999 -9999 -9999 -9999 -9999 -9999 -9999 -9999 -9999
1934.66666666667 1731.66666666667 1465.41666666667 1469.66666666667 1805.75 2263.83333333333 1722.66666666667 2113.41666666667 2730.91666666667 2533.75 2352.75 2727.25 3350.75 3371.25 3047.08333333333 2890.16666666667 2975.16666666667 3120 3093.25 3320.91666666667 3664.25 3984.75 4359.5 4463.5 4926.25 4994.33333333333 4938.83333333333 5159.25 5388.58333333333 5433.08333333333 5446.58333333333 5333.41666666667 5324 5215.75 5242.08333333333 5201.83333333333 5237 5538.33333333333 5914.91666666667 5972.16666666667 6071 6183.25 6167.66666666667 6264.41666666667 6154.5 5726.25 5406.16666666667 5340.75 5831.5 6442.5 6475.91666666667 6547.83333333333 6151.08333333333 5587.5 5058.58333333333 4120.66666666667 -9999 -9999 -9999 -9999 -9999 -9999 -9999 -9999 -9999
1938.16666666667 1799.83333333333 1508.5 1695.5 1677.41666666667 1727.25 1753.91666666667 2023.33333333333 2679.33333333333 3252.41666666667 2782.83333333333 3121.41666666667 4248.33333333333 4121.5 3531.25 3651.08333333333 3479.75 3408.91666666667 3182.16666666667 3354.25 3390 3869.75 4136.33333333333 4259.41666666667 4440.16666666667 4613.58333333333 4784.66666666667 5174.58333333333 5235.41666666667 5411.41666666667 5366.66666666667 5140.25 5008.33333333333 4988.5 5079.08333333333 5144.16666666667 5288.16666666667 5381.41666666667 5696.08333333333 5769.5 6036.08333333333 6116.16666666667 6042.41666666667 6090.41666666667 6070.75 5835 5355 5071.75 5606.33333333333 6508.16666666667 6810.91666666667 6565.08333333333 6159.16666666667 5049.91666666667 -9999 -9999 -9999 -9999 -9999 -9999 -9999 -9999 -9999 -9999 -9999
1982.83333333333 2004.25 1996.5 1661.5 1596 1636.66666666667 2005.33333333333 2004 2326.66666666667 3403.75 3199.75 3549.16666666667 4909.83333333333 4511.08333333333 4551.75 4538 4490 3589.91666666667 3255 2856.83333333333 3011.16666666667 3845 3790.91666666667 4064.91666666667 4189.5 4402.08333333333 4575.41666666667 4897.75 5138.75 5217.16666666667 5062.58333333333 5009 4998.33333333333 5095.91666666667 5274.75 5207.33333333333 5231.41666666667 5331.83333333333 5712.33333333333 5683.16666666667 5925.83333333333 6090.41666666667 5968.5 5909.91666666667 5767.25 5406.41666666667 5263.25 5562.25 5849.91666666667 6153.83333333333 6639.5 6306.16666666667 4924.58333333333 -9999 -9999 -9999 -9999 -9999 -9999 -9999 -9999 -9999 -9999 -9999 -9999
1759 1703.5 2030.08333333333 2176.58333333333 1771.33333333333 1694.08333333333 1912.25 1965.83333333333 1939.75 2385.66666666667 2708.75 3213 4311.91666666667 4037.75 4375.33333333333 4729.58333333333 4485 3509.75 2823.91666666667 2752.5 2716 3167.91666666667 3321.83333333333 3665.91666666667 3827.91666666667 3995.91666666667 4008.75 4220.5 4486.58333333333 4614.16666666667 4944.58333333333 5256.91666666667 5282.58333333333 5168.33333333333 5127.41666666667 5014.83333333333 4972.33333333333 5209.83333333333 5619 5755.58333333333 6008.75 5935.08333333333 6043.66666666667 5564.91666666667 5388.75 5387 5328.58333333333 5118.25 5454.41666666667 5507.75 5309.66666666667 4929.25 -9999 -9999 -9999 -9999 -9999 -9999 -9999 -9999 -9999 -9999 -9999 -9999 -9999
1678.83333333333 1613.33333333333 1915.33333333333 2319.25 2138 1674.41666666667 1571.41666666667 1776.75 2067.75 2696.08333333333 3228.33333333333 3156.91666666667 3194.83333333333 3639 4186.08333333333 4239.16666666667 4276.41666666667 3869.66666666667 3092.16666666667 2865.08333333333 3011.66666666667 3176.83333333333 3417.75 3269.91666666667 3582 3699 3861.58333333333 3953 4037.08333333333 4205.33333333333 4714.33333333333 5009.16666666667 4903.83333333333 4884.58333333333 4919.33333333333 4982.25 4965.41666666667 5535.08333333333 5908.91666666667 5967.33333333333 5821.25 5913.16666666667 6405 5923.08333333333 4850.33333333333 4570.16666666667 4057.83333333333 -9999 4021.08333333333 -9999 -9999 -9999 -9999 -9999 -9999 -9999 -9999 -9999 -9999 -9999 -9999 -9999 -9999 -9999 -9999
1763.5 1611 1731.66666666667 1783.83333333333 1881.16666666667 1655.91666666667 1989.91666666667 1738 1904.08333333333 2637.08333333333 3026.91666666667 3236.75 4558.66666666667 4729.5 4132.91666666667 3733.75 3740.83333333333 3308 2955.33333333333 3126 3133.5 3225.58333333333 3347.58333333333 3343.58333333333 3370.5 3515.75 3664.83333333333 4014.83333333333 4213.83333333333 4260.91666666667 4171.41666666667 4274.5 4571.25 4685.08333333333 4678 5038.83333333333 5197.83333333333 5535.75 5579.58333333333 5779.66666666667 5716.16666666667 5615.08333333333 5998.16666666667 5656.08333333333 4735.58333333333 5118.33333333333 4024.58333333333 -9999 -9999 -9999 -9999 -9999 -9999 -9999 -9999 -9999 -9999 -9999 -9999 -9999 -9999 -9999 -9999 -9999 -9999
1859.66666666667 1689.83333333333 1594.16666666667 1670.75 1804 1565.58333333333 2449.66666666667 2392.41666666667 2130.33333333333 2332.41666666667 2746.91666666667 2940.83333333333 4397.25 5443.58333333333 4805.58333333333 3890 3545.33333333333 2895.33333333333 2751.75 2873.58333333333 2892.16666666667 3109.08333333333 3218.75 3348.25 3346.25 3371.91666666667 3480.33333333333 3904.41666666667 4181.33333333333 4305.75 4265 4263.33333333333 4467.75 4803.25 4963 4922.83333333333 5175.41666666667 5113.5 5015.5 5404.5 5595.33333333333 5650.83333333333 5883.08333333333 5197.16666666667 4608.83333333333 4055.16666666667 -9999 -9999 -9999 -9999 -9999 -9999 -9999 -9999 -9999 -9999 -9999 -9999 -9999 -9999 -9999 -9999 -9999 -9999 -9999
1603.58333333333 1465.5 1542.75 1725.41666666667 1637.25 1360.41666666667 2009.58333333333 2449.08333333333 2157.58333333333 2122.41666666667 2526.25 2935.41666666667 3882.83333333333 5101.91666666667 4088.33333333333 3433 3031.33333333333 2475.16666666667 2452.66666666667 2640.58333333333 3141.83333333333 3198.5 3154.33333333333 3389.5 3578.66666666667 3435.75 3614 3850.83333333333 4034.5 4163.66666666667 4237.66666666667 4346.08333333333 4426.5 4618.5 4757.33333333333 4798.5 4983.66666666667 4758.25 4457.16666666667 4799.25 5146.08333333333 4410.75 4504.58333333333 3963.66666666667 -9999 -9999 -9999 -9999 -9999 -9999 -9999 -9999 -9999 -9999 -9999 -9999 -9999 -9999 -9999 -9999 -9999 -9999 -9999 -9999 -9999
1571.08333333333 1418.16666666667 1683.5 1764.33333333333 1376.08333333333 1166.08333333333 1400.83333333333 1720.41666666667 1878.33333333333 1818.41666666667 2228.16666666667 2715.25 3286.08333333333 4689.91666666667 4392.08333333333 3703.08333333333 3072 2454.75 2328.25 2576.08333333333 3225.83333333333 3158 3043.5 3254.5 3583.5 3540.08333333333 3559.41666666667 3732.41666666667 3896.33333333333 3904.58333333333 3866.58333333333 3957.75 4207.41666666667 4439.91666666667 4722.08333333333 4820.25 4789.33333333333 4753.16666666667 4832 4262.5 3746.5 4158.75 4014 -9999 -9999 -9999 -9999 -9999 -9999 -9999 -9999 -9999 -9999 -9999 -9999 -9999 -9999 -9999 -9999 -9999 -9999 -9999 -9999 -9999 -9999
1619.08333333333 1680.66666666667 1521.83333333333 1734.08333333333 1401.5 1197.58333333333 1180.83333333333 1406.16666666667 2041 1990.75 1990.66666666667 2443 2920.83333333333 3313.08333333333 3488.75 4211.91666666667 3190.16666666667 2526.08333333333 2409.83333333333 2422.83333333333 2860.41666666667 2914.5 2823.91666666667 3007.75 3410.16666666667 3521.58333333333 3523.83333333333 3651 3648.16666666667 3729.41666666667 3686.5 3892.16666666667 4163.16666666667 4463.16666666667 4842.75 4772.08333333333 4683.83333333333 4303.83333333333 3739.33333333333 3854.66666666667 3742.33333333333 -9999 -9999 -9999 -9999 -9999 -9999 -9999 -9999 -9999 -9999 -9999 -9999 -9999 -9999 -9999 -9999 -9999 -9999 -9999 -9999 -9999 -9999 -9999 -9999
1410.83333333333 1827.25 1500.41666666667 1603.33333333333 1518.25 1488.66666666667 1326.08333333333 1504.08333333333 2467.16666666667 2753.66666666667 2163.41666666667 2159.83333333333 2589.91666666667 3134.16666666667 2670.66666666667 3069.5 2782.66666666667 2545 2407.66666666667 2526.66666666667 2708.58333333333 2863.08333333333 2949.75 3081.58333333333 3263.91666666667 3577.41666666667 3585.25 3339.91666666667 3300.25 3483.75 3477.16666666667 3937.83333333333 4313.58333333333 4567.25 4806.16666666667 4630.91666666667 4716.91666666667 4424.41666666667 3516 4065.08333333333 4493.08333333333 3646.41666666667 -9999 -9999 -9999 -9999 -9999 -9999 -9999 -9999 -9999 -9999 -9999 -9999 -9999 -9999 -9999 -9999 -9999 -9999 -9999 -9999 -9999 -9999 -9999
1850.66666666667 1537.08333333333 1693.83333333333 1664.91666666667 1572.83333333333 1415.83333333333 1263.66666666667 1410.16666666667 2193.66666666667 2812.5 2160.66666666667 1803.16666666667 2203.83333333333 3642.08333333333 2931.16666666667 2450.91666666667 2570.25 2571.25 2630.58333333333 2731.25 2804.83333333333 2952.08333333333 3027.25 3167.91666666667 3156 3326.5 3444.83333333333 3146.83333333333 3116.33333333333 3327.66666666667 3503.75 3771.08333333333 3982.08333333333 4199.91666666667 4499 4403.5 4578.25 4573.25 3874.33333333333 4382.25 4344.91666666667 -9999 -9999 -9999 -9999 -9999 -9999 -9999 -9999 -9999 -9999 -9999 -9999 -9999 -9999 -9999 -9999 -9999 -9999 -9999 -9999 -9999 -9999 -9999 -9999
2471.83333333333 1615.16666666667 1915.91666666667 1840.91666666667 1511.83333333333 1387.16666666667 1377.25 1495.58333333333 2127 2850.08333333333 2299.5 1790 2321 3663.5 2906.66666666667 2251.08333333333 2345.58333333333 2365.08333333333 2988.75 3725.58333333333 2938.83333333333 2769.58333333333 2931.41666666667 3131.41666666667 3015.25 2978.91666666667 3105.5 3166.75 3124.41666666667 3198 3443.08333333333 3451.75 3466.58333333333 3620.66666666667 4206.33333333333 4457.66666666667 4445.33333333333 4748 4379.33333333333 4275.91666666667 3521.58333333333 -9999 -9999 -9999 -9999 -9999 -9999 -9999 -9999 -9999 -9999 -9999 -9999 -9999 -9999 -9999 -9999 -9999 -9999 -9999 -9999 -9999 -9999 -9999 -9999
1909.33333333333 1496.66666666667 1533.08333333333 1482.25 1333.58333333333 1706 1676.58333333333 1695.5 1967.91666666667 2544.58333333333 2735.25 2150.33333333333 2371.08333333333 2897 2737.08333333333 2362.41666666667 2112.75 1913.25 2644.75 4124.16666666667 3826.58333333333 2639.91666666667 3463 3362.41666666667 2962.83333333333 2909.5 2852.33333333333 2939.58333333333 3090.08333333333 3116.91666666667 3131.75 3241.58333333333 3320.08333333333 3320.5 3907.16666666667 4634.16666666667 4496.66666666667 4670.83333333333 4455.83333333333 3864.91666666667 2731.16666666667 -9999 -9999 -9999 -9999 -9999 -9999 -9999 -9999 -9999 -9999 -9999 -9999 -9999 -9999 -9999 -9999 -9999 -9999 -9999 -9999 -9999 -9999 -9999 -9999
1462.75 1377.25 1315.41666666667 1247.08333333333 1283 1815.75 1809.66666666667 1767.91666666667 1866.58333333333 2097.66666666667 2387.08333333333 1904.91666666667 1898 2244.58333333333 2766.33333333333 2402 2304.66666666667 2655.66666666667 2543.75 2896.33333333333 3666.25 2665.83333333333 3925.83333333333 4287.08333333333 3246.41666666667 2934.66666666667 2996.75 3072.58333333333 3166.58333333333 3105.83333333333 2992 3184.91666666667 3374.08333333333 3369.08333333333 3689.75 4245 4228.16666666667 4235.5 4535.41666666667 3855.58333333333 2068.16666666667 -9999 -9999 -9999 -9999 -9999 -9999 -9999 -9999 -9999 -9999 -9999 -9999 -9999 -9999 -9999 -9999 -9999 -9999 -9999 -9999 -9999 -9999 -9999 -9999
